Ancho=30
Alto=20

000000000111000111000000000000
000000010000101000010000000000
000000010000101000010000000000
000000010000101000010000000000
000000000000000000000000000000
000000000111000111000000000000
000000000000000000000000000000
000000000000000000000000000000
000000000000010000000000000000
000000000000010000000000000000
000000000000010000000000000000
000000000000000000000000000000
000000000000000000000000000000
000000000000000000000000000000
000000000000000000000000000000
000000000000000000000000000000
000000000000000000000000000000
000000000000000000000000000000
000000000000000000000000000000
000000000000000000000000000000